16102242295575538083
x=-325230620314150187.4892141424764889848

x = -5 * -6 
32946583245.409784879467 - 59789857567.057040040000303045 * 387538754.345789345 -23170886891102869184.375990175285184519732055525
x = -349523.0004956956 * 930498478935.309509458 
